50
3
4
1 2 19
435032861 813415066 329359468 997153484
1 14 17
527130327 199973492 270089781 372888353
1 4 19
586620682 34856916 690269604 324442548
1 5 14
37140753 953691759 631522375 732312149
1 4 18
680964433 287924225 64402036 902399013
1 7 8
728447965 440345661 554177297 486170435
1 15 20
199553591 994673687 302296049 555417701
1 7 13
449292995 217909249 63486516 672499855
1 8 20
309841178 581038613 930373161 873309160
1 11 15
364963135 600208206 332965569 783352692
1 4 7
28018231 323873855 567247765 445194744
1 9 17
766188771 490773222 600221348 351287676
1 14 18
394610377 38669408 69612479 292857348
1 9 18
265644048 411424897 770183019 954518164
1 7 12
173939538 458126773 782560266 312773139
1 2 8
408398235 51237589 481680087 603327940
1 6 13
999363055 629263015 723914526 74018286
1 12 16
179759086 855860281 907939983 357059577
1 5 18
593742448 637847852 733154342 455547352
1 11 18
486467701 230703246 847148630 736005831
1 11 15
912990749 940525904 523101223 377177379
1 7 15
743303382 708613338 612441303 62939196
1 7 11
321683594 641041022 884007228 759833751
1 12 18
115715727 130213720 895108539 284730488
1 8 17
388913071 971191795 804902841 644003166
1 7 14
457087398 516496065 17582605 287019347
1 6 18
755760290 258450781 969082288 135803561
1 10 15
210220632 264936108 500216052 870219627
1 9 17
399755499 250764002 507251967 167796585
1 15 18
285169317 649153151 337762875 377308004
1 13 19
249925687 431651209 887298927 102578308
1 2 7
385655046 263923565 644692587 576377304
1 3 11
966519010 964899901 240867866 681145099
1 5 15
338818065 817044431 480163981 37535535
1 4 13
768774144 987183251 959378959 607021647
1 13 20
823091398 864051308 810177351 279816187
1 5 15
176358553 88963189 551844409 127470461
1 2 4
272105450 554637183 449019291 535898552
1 7 18
63829339 840690787 101128220 499904814
1 5 14
433697789 298733851 888402554 395172841
1 3 4
98472389 523161195 512611701 449140788
1 10 18
689590702 865997722 746686857 654287678
1 2 15
564949368 132715433 854370473 313164358
1 6 12
167681986 335196364 497387784 10412129
1 5 18
314412060 119169003 166346542 915426368
1 18 20
394798089 162734531 93212505 403237871
1 3 11
408005715 562125185 433094515 778596476
1 2 16
669582006 490049330 273387410 367660842
1 11 19
862352812 254110501 148896682 340719251
1 16 20
825868860 78116306 996563748 131767943
