10
5
8
1 4 9 12 16
951779592 355263490 650057074 710511229 415476285 129550682 810301295 199961001
1 2 3 9 19
620859987 978194262 895726858 277410275 79710477 796956335 755910699 414269704
1 7 10 14 15
590758325 399286589 438017029 895016808 200005894 500414824 73230621 90150071
1 4 14 15 20
49029722 981152657 217701401 404001808 700924072 181911932 979267304 624625630
1 2 6 9 14
74670639 259525291 562367241 913176205 292982653 871111810 407832960 54961325
1 3 11 17 18
217426022 844969899 639658698 380909045 58935004 166429761 453052173 219443196
1 6 14 16 18
891325930 848655900 801417670 245807923 39226018 765980120 829483486 879565912
1 3 6 14 15
753281578 394699737 139487497 812521979 932501709 408872489 600963259 559641128
1 3 12 15 18
490230089 368344660 942179794 123204973 453698066 177698425 465578882 589208936
1 8 12 17 19
537870947 911046360 817084967 652201678 650156971 533528167 777567871 938865196
