50
7
20
1 4 7 13 14 16 20
589705951 455413560 131906754 295550838 99070821 63238796 519379343 346462163 602273926 274272985 882020664 707866915 149907392 738056396 793882168 843746870 515472041 609956746 952676937 491178144
1 3 10 11 14 17 18
271986498 528837620 359086066 625960369 140015229 251554692 836928280 905718568 246878337 926085210 71862906 977371639 774091525 115589739 543907454 941924765 197141718 21796564 225869115 472160429
1 6 8 11 12 15 19
956869992 396009381 300062312 565318604 573434469 548619901 31560444 466544434 455265995 758359362 688409366 413120234 629223323 981414456 337333762 724196013 444528298 219862823 570058206 46136743
1 3 4 11 17 18 19
211903068 512821122 221040681 465970029 948503896 481333671 673517559 784736677 996577971 52434704 264196170 858046334 35358872 431371618 26509020 658163628 681798073 455523467 565770720 397156838
1 4 7 10 12 15 19
22864972 497628847 954461311 462683604 13016602 44149554 893215976 472676034 144934070 929521672 423474087 266066462 60371558 839868270 295886809 18333269 292698922 907521170 100290944 301576811
1 2 4 9 11 18 19
228971779 310701675 762662147 748520640 920126097 569632006 391051808 511439019 58460601 150429367 431324446 993002415 393406512 721228416 204406591 362719684 685769247 88875621 722383200 141888593
1 13 14 15 16 18 19
581283068 566693890 633430939 892457040 629647837 434945215 672310545 123667096 244718866 613855018 826941377 294995915 184450803 904193193 851607078 731707189 395514457 872620635 783896974 454079545
1 2 5 8 12 17 20
381873495 815294512 686165319 932914431 704320895 369940309 777938160 399539521 18180568 47819547 737245306 572527133 809402718 881514794 844794282 104699940 389375167 322738098 715151999 526918885
1 2 3 4 11 12 18
481409785 163724926 126184763 782491362 193360022 643606903 366456645 468269651 569090193 164589622 987176681 964493146 937088691 881168082 674573933 545297051 875379711 545230290 347397623 334945837
1 4 5 12 17 19 20
129006512 366318060 917448198 441980340 591639257 717977698 274404152 931909866 575524165 181379941 818529930 847825249 68559515 172240992 187855771 35493162 691795287 45446711 601613719 300406566
1 5 7 9 10 15 17
802492824 245252400 945591664 381295935 621118934 811575787 421788205 876613463 834443830 174540418 326625191 857640311 899961716 64957280 554824243 318330347 369481612 612484909 788055633 443074637
1 7 11 12 17 18 19
278084948 328118935 179048494 724490882 817140351 526669147 912085335 662801667 6776331 484174296 613968921 843989676 284847387 110088574 227203184 726637184 801188198 976417430 152829385 284710921
1 3 6 10 15 17 20
532023934 577937984 36520603 204156088 537423172 719840484 827847766 538117174 354567731 232704490 232615755 604513049 226103747 740056660 123343018 203676918 466894584 328997959 268853230 574345729
1 3 4 6 7 8 10
152885925 375846899 155417630 840974914 740822433 388574485 691535959 681490401 93574407 835175050 20614728 243057514 693375303 811044826 513856926 331980062 378681323 125381874 969819248 436306570
1 2 4 8 10 13 18
703147329 925743171 968608556 515320788 98322691 866152214 919586999 392308544 169710158 306076500 525434231 200269361 726126304 31415366 331834482 184265397 41289760 875516643 896036745 700160020
1 2 9 12 13 17 19
100781582 952270452 953030842 805708659 249999314 501078380 261515099 411104675 25474041 962419860 66261547 196564318 722336472 507213557 963759725 475224140 504460335 523280811 568640554 467008651
1 4 12 14 17 18 19
715161433 562015157 706503286 526134971 417526170 725234412 459897091 35945372 449330216 713318851 826366587 421494864 903666982 403347804 806933321 909539635 545625184 407903905 558091905 153113560
1 4 5 11 15 16 20
796345327 893285651 21194680 155138465 292115337 112808560 416546185 897632093 225744522 74709532 367504952 427595195 614722751 861817216 461056060 696718596 945871163 115897088 601874440 511560720
1 9 11 13 16 17 20
187008591 378876293 662083186 903115315 55595084 313120400 796405893 592810591 878203511 511668087 218410021 22798182 511592566 717635548 317494088 694700292 553841190 436283942 913854857 882185726
1 4 5 7 9 13 20
29460255 549144538 669713311 648354491 730936133 377670775 362072979 824396386 86563965 582459501 830449488 393333933 761727346 338937081 277445850 39898438 624891214 127692919 233575259 380775248
1 2 4 10 16 17 18
203649157 448688692 926696311 783638232 874210361 349672331 667787334 621825682 452194722 795079584 921456354 47784435 163735952 821107405 284720448 62413338 923814534 719445815 233646628 37110824
1 2 6 8 11 14 18
830862479 155924252 556442467 331960269 60505006 662138996 514777075 970504686 769875486 463186 306468888 170256225 470039887 777228309 96989666 650069607 957091682 97223757 58601495 623075504
1 5 8 10 15 16 20
186388022 555601775 541523037 408993856 464352861 221782554 852439259 307200048 314102075 152371123 524276979 291995197 538471335 85274755 404328702 682527013 929131673 118893915 375705252 943452001
1 2 5 10 12 14 15
177387831 311308692 931295028 926898630 759831215 786732670 279803917 493369923 476289495 155379004 126904354 406924137 737494968 488047824 488042039 2806790 639771442 374426384 500943118 416678017
1 5 10 13 14 17 19
987630202 38618525 476423995 510050114 503349212 663910038 481788360 261785591 174598819 899041378 497735513 971395888 651688260 402269864 917060477 82577432 237359961 415820670 530647125 667828599
1 3 6 10 13 14 16
300260085 668168526 709521919 880697642 988603004 619045596 240427208 6226169 73793787 609597610 272814126 536199162 599053097 859274103 33849963 383023213 632575596 79352119 264379970 280842328
1 5 9 11 13 14 20
343608645 9905640 417530776 377558875 314354497 191834642 128173761 430504680 814804628 922964407 761323702 152957962 686572517 242206588 326190498 530160973 299583546 238344688 646171357 501534030
1 9 12 15 16 18 20
923140349 346110261 677140678 279061356 327098616 666025856 456277150 509129946 533921566 607569692 867556197 779674616 724078480 779599248 6553584 212564818 78798243 739499878 445075209 939827780
1 4 8 9 13 17 18
857420427 909748725 70039828 935346359 887024312 670126785 132044025 525957198 894569692 698736242 615744572 114960487 226296302 381761258 236812247 498939519 844897918 31114581 786253748 783984669
1 2 3 4 10 15 18
241869470 567180479 728428321 240508832 579041709 482388483 662452770 687220086 514064246 569351327 106293581 985045206 805196084 48768942 392834377 735928699 606535937 985614347 174534520 773760547
1 3 4 9 10 15 16
55781325 18975276 645509163 510265637 142485297 651110536 163278212 300946333 786116699 167264483 469592916 685571631 232016274 712870536 476233698 508959766 385049465 855452968 379234285 988878228
1 4 7 12 13 15 18
994711987 496893517 774503101 32468523 175067356 883447843 998461019 656602695 208772515 634518147 627491336 239704860 965006965 738040077 258187255 196041510 688541362 672446965 507673754 25883970
1 3 4 8 12 13 15
976483933 370614172 560737107 830351359 915939200 301896070 848471992 223527451 971039993 203226383 203658475 653975867 522900397 112795933 7002932 784891919 858491975 480221940 737007346 330837149
1 10 12 13 17 18 20
792637676 321535580 363915712 902383745 677014673 745214268 786372489 832179718 927878971 444970459 385966760 305188571 802682373 373934737 57951392 305127093 820819588 625393959 573917939 542524781
1 4 6 7 15 16 20
985958604 536842703 43906636 390556186 163466835 495924659 268457838 64974394 213927276 810865296 119247551 648421071 347796156 835741815 263240048 236038605 690035455 298808219 343172901 744989254
1 2 6 7 9 14 15
723023406 201765792 629429812 7978523 661217213 248763961 96536579 979690845 64663431 616280321 726351452 169155880 64541783 899966915 222746043 135787117 92842200 657397540 56461389 403048263
1 3 9 10 11 13 20
759878879 437452431 680834902 264974627 471467655 961510407 317898294 707837928 820314843 769005189 487747439 811206849 912032240 959022796 306532780 136890935 973009021 491449543 35864270 916136363
1 3 5 6 10 14 15
98272134 365135071 244931646 841802534 17168785 745036396 523844289 501936854 269637115 31107263 251540598 586141990 461258947 20081567 433149407 777633279 222682494 715529472 104788358 456519288
1 2 7 8 10 19 20
161543147 266156049 579442578 13898037 497404853 991218993 641298666 237041753 873594341 38797534 353931238 682136855 364047525 865469 653310251 602221164 300567474 726807011 933991379 556812129
1 2 6 8 9 19 20
998889786 134614352 94348643 460853561 104648962 153256241 689183476 436638420 668398508 48914625 384466182 282378728 551690291 669134923 244218034 451043164 845989046 130551697 62518903 636196755
1 3 10 12 14 16 18
330550544 844556095 404956382 912629940 763843033 409359230 762547496 259119393 219541409 865448284 161883480 417862256 523937171 357659089 772567638 762992425 895126053 955835124 470827712 672780695
1 4 8 13 14 16 17
194908934 973415692 328525214 683543958 214285294 936040858 419164540 123350867 444624725 212548470 691273380 194582392 122495158 317712847 533098516 116844157 833764406 250440805 631446818 680069020
1 4 6 11 16 18 20
349689116 871659910 597693960 684238496 236969848 617046630 453518448 496945255 711848433 23781230 792197143 935525674 662867458 182389209 540332825 230643750 251893058 274139049 444797388 899089652
1 4 6 7 9 15 19
922580724 877049736 38558616 607288886 700477092 84754699 874093903 284280899 789828727 654465294 608235350 187881517 749516679 852042468 559428404 331514430 393880020 468085036 918884950 857471650
1 8 10 11 13 17 20
285410115 13893465 331487016 788263226 961231973 807941866 210443834 58593984 399883660 389623927 666820692 996235740 121030382 675079549 448437796 783642400 317376995 82220303 550000948 448650591
1 2 4 11 12 14 20
80655999 767975745 863137352 587604805 514533670 830510058 21944203 478900874 970109893 179865061 341278024 684705092 665994812 79604448 80920999 604939784 577047104 287495412 853615589 959036212
1 6 7 13 14 16 17
19086924 130394491 777016771 775225508 610507568 971444041 830471001 811629809 62531884 265949160 456350592 508527259 703289746 680639575 630773500 668276530 443755597 380126426 750574189 912349718
1 4 7 10 14 17 19
582247934 711444812 540820781 746798929 514724326 544731457 508982255 969253908 831785849 282335624 908792576 480057180 305103539 197558332 956196893 116417286 576661787 796132359 168041655 375737013
1 2 9 10 12 15 16
263852222 6126712 895071836 540088576 590129546 167661829 907272853 147437007 367812712 117563596 810789650 411009045 216081794 743767455 541123510 406156832 936587851 399701311 87775297 323298653
1 6 8 9 15 16 19
350643886 48419413 92934633 588002622 900630164 278579133 657186976 128873151 332001703 511944930 51678892 632288709 75807341 92652736 797842556 734820607 60613514 320839555 961774995 757567273
