50
7
20
1 3 13 15 16 17 19
237132612 101367566 22005927 341002501 810370954 803779839 285632877 547048391 718338378 516437722 586931953 547189793 63871889 513967850 124652454 526289103 474784581 866356540 640542741 896858242
1 8 10 11 14 16 17
468893815 805969950 704608948 740691404 719976166 753100346 879820859 166248800 791993752 383484908 600966259 564595939 4939069 70974376 757707737 240363114 696446335 302383866 420116327 254185936
1 2 10 16 17 18 20
521251162 965519468 436642048 739152146 341588787 466547154 294159023 901809817 265820672 829083640 733186992 582653129 614371972 775058805 2069733 682945644 351724360 724303109 184286519 662281514
1 4 10 12 13 18 19
473784679 869343809 686549382 300873988 685951289 61284252 470544404 827641324 67095804 909000442 574946753 409055416 505747932 960946410 293414203 927866174 850428465 722690847 246306372 379983748
1 3 4 6 12 14 18
534891154 853187773 179968931 137324265 629270484 692802636 131301359 127671382 267741271 71666117 112696412 885694802 599480125 146121519 414085412 101312530 901803259 989881301 48133402 170069114
1 4 5 7 8 9 14
19932113 917512570 473760823 756451699 889683054 679422837 304178436 386541101 656338720 873029064 378797843 318837104 543749789 403531150 517929368 327842973 507598491 477783232 63276607 657716620
1 2 4 9 12 17 18
448813837 731830841 55670340 680162492 648915362 210575260 839866281 844832092 123715436 450192138 471628976 995688495 418621809 239312946 529989211 148875236 764773031 25479921 119653373 60558762
1 2 5 8 10 14 18
385031713 123134589 906154859 651172827 288537429 804917880 184920115 58936569 732244565 474368503 575263135 672383899 394955395 481664971 634573178 696096295 870990078 931230400 166456227 290156702
1 3 4 7 8 15 18
589014729 436745775 13454295 700172973 237395351 93376106 244209032 41145374 737510331 858225039 381909397 373563795 283613357 315858671 61629136 765553811 242910453 841441767 438087937 601237243
1 4 8 9 14 17 18
462942533 856608731 332067608 823058915 284518949 79218059 819097921 334313665 588036959 599060254 842698147 841330835 928325279 68880619 831585759 117151767 284097416 701727790 318183248 490317068
1 6 9 11 12 13 19
861652203 317618181 706699870 291227842 828932468 221359121 273389060 330650196 481792849 218619453 117781977 890983971 488624597 590707824 566211647 693404857 740153119 400865972 552694187 606652864
1 5 10 15 16 17 18
135719533 529746611 830523641 367644154 584266347 404260183 492102218 695839662 381163341 919495280 211981049 710042671 55320673 290514784 24718382 260402973 770122940 364097853 975662444 75311014
1 2 5 6 8 13 17
148575854 354921099 986143349 200073895 771861143 628996288 738848274 206716913 833855365 922260009 39030053 447434945 244147333 601891988 504896401 318869759 894930829 11731390 283322968 966968433
1 6 11 12 14 18 20
746387018 807066785 496666550 929934039 222342140 569952080 417092083 662249735 670781439 526594423 40845325 654057292 97080281 414028344 84631986 918105388 735035620 329737653 857737117 931753323
1 5 8 11 14 16 18
969282899 263461382 514943183 773489578 112475147 394105237 915904420 448898265 736637336 945063988 336816495 691513824 159152988 500126224 67860130 468757905 322563513 789279818 736292050 94476403
1 5 6 9 11 14 16
131682723 115757670 615253404 885095158 203562440 422101587 194778051 509966858 419792833 282763305 124936262 510403971 223292822 916718838 707058040 664182295 836499593 61708527 543926589 399648100
1 5 8 10 14 15 20
706356111 841607935 77787331 343023750 11993527 437573433 455911087 210716699 681413735 552724066 124664395 957812607 925661568 196638860 65913320 874965028 657538530 616031950 487346375 202689606
1 4 7 8 11 13 19
569942152 470526006 45806490 965525471 452456372 604025215 341658691 446330926 127866565 978013525 600413504 207516776 181873229 65793751 331721114 57933839 498946576 663649089 715951930 624945277
1 2 7 9 10 14 16
627620679 373721255 482552154 930426367 431040471 646699094 716706630 260190444 104656955 406140971 34869829 192359191 732331214 830052443 381099981 504026160 268638508 533360455 628576094 121658282
1 5 6 7 11 13 19
892793041 3963768 871940055 169330372 190745280 733872769 375132603 282310819 118712092 754418466 302076471 530367573 587520332 635992543 781213209 467529420 621190912 785676242 753180096 51813756
1 3 5 8 14 16 19
568331919 82352534 723383092 244688290 627119164 209216246 173885638 583484728 931502179 22665224 367397910 366014321 563909753 430757889 501352949 794016397 979248710 877406027 489077788 288719392
1 2 5 11 12 14 16
990314371 199888289 301091665 343343635 770130873 163809084 46927415 85745840 852894408 75454722 157798568 364847664 591923598 35483985 888828607 131697868 277285346 165405892 378554553 679464859
1 4 6 7 11 15 19
824448728 545067556 570722464 874675164 536289820 37283091 411463334 581965015 147300780 946682258 995249081 643197227 186592521 883138976 814837525 200436578 80902310 934700421 241628837 22272540
1 5 6 8 15 17 19
982269746 571906430 825566969 273231053 834368581 631099435 281952075 570875158 338011162 533994104 673695272 299939356 986856484 503662146 537846414 993773499 728125582 419809484 122659080 92382724
1 6 11 13 15 16 17
239507631 286162601 71087326 339893451 264614941 359925019 636646648 485257767 475848297 836294119 684739769 677490382 13465511 517506043 13928459 172948884 696453777 777036669 202901475 25038055
1 5 7 12 15 17 20
815790768 356113620 61367540 375822712 934588363 437373397 577229183 258525390 634070195 687689523 106171600 402747768 413929208 791932494 706737875 548329650 353123945 733461682 147465469 542036323
1 6 8 11 15 17 19
758067484 193059750 932647988 428878379 630114455 563357679 259165180 593757637 184728621 685045753 787773722 922322717 764939393 942852771 455795304 687972579 754204105 886404101 864034579 277150237
1 4 7 15 17 18 19
563749579 58523553 918854771 329991175 565961830 952966295 637323158 325090903 994953111 376667465 43060543 997168437 8771466 760791677 650348947 489077241 681000457 600542333 225992322 483502231
1 4 5 9 13 17 20
166068675 705343180 237590718 922184490 995864501 699558505 716387718 14862449 492976060 870098977 569709730 388520582 151033481 965074713 934373165 115304477 184299780 465781480 474727916 207565123
1 5 12 14 16 18 19
255526111 689410807 234806977 285452982 906267438 68928072 172674277 984362075 950813042 58962090 132585023 833619575 110856686 373906071 144246821 11474238 694695275 281629113 648869342 887235940
1 4 5 6 7 13 16
163941648 528780222 335516893 606192273 725720183 961984182 165410924 448090832 127557682 546211338 999579341 217388305 172584285 636623278 490701087 622003763 863868274 683618396 310641856 700151023
1 9 16 17 18 19 20
95087696 219932302 183954116 456486779 111235789 71807713 50276314 676169277 236875005 477504253 827568747 987453860 131836619 635488363 45088786 674376415 510360528 507920376 409623542 393455759
1 2 9 12 15 18 20
120885690 377263845 919085424 302895207 693199787 179634591 102271704 395141691 375385148 768312246 276658763 1920152 221871768 552009682 763490515 26750381 828972744 912525602 485357446 311992839
1 4 5 9 17 18 19
606396277 863857072 885118081 723951405 78253943 578324866 727920832 751136908 658948313 646133276 210780025 946191426 111318615 685110652 582830122 165231061 791383558 59168486 603322797 259038028
1 7 11 13 16 17 19
961549372 682461488 559527436 403484958 622917933 674004377 456671624 842315827 554874553 142589237 116247813 351899565 954948268 332630799 522906274 205549407 140623266 586251713 32117594 919682954
1 2 6 8 11 17 20
86553729 295959614 177423827 365115270 33514680 15427715 463268119 429950271 309951410 561049391 692767490 78664223 155194016 786226095 933807675 46899526 915058539 167346045 525407199 608808393
1 2 7 10 13 17 18
149314232 602081471 481010493 241183314 739791921 542156703 613894189 439562462 105948976 945204135 393282672 747105985 675634236 950115395 701628868 4634071 630950356 550429856 954571848 768631876
1 7 8 10 14 15 18
998900052 663039761 361443449 899764355 639362378 942361944 916727165 212997792 499961510 263780610 348458892 686779812 408892436 653446870 480351539 102870616 502659175 543897963 10060402 922037603
1 3 6 8 11 16 18
811849178 677288347 49866220 276098257 642661227 16141542 257337484 276625729 731088474 124391446 202545648 58244718 81325418 958760875 7843138 591529432 19795052 98865569 840712032 316394449
1 5 6 10 12 18 20
953329735 411986271 137612032 235501266 721720777 177256961 143517449 140975613 685277752 743011193 294297686 477366741 15080289 618170421 724479971 7128940 94570021 752792481 374513840 916660437
1 2 5 6 10 12 15
87895760 131354952 109845305 857207335 641446194 781182357 822727640 539173416 974671720 982218497 102688501 874467330 197709903 972301291 938842132 147430655 632588816 466873762 618095932 363749904
1 2 3 11 12 14 17
880764850 166918747 659355934 396734212 375964719 951993242 281559188 588288378 760442656 219092418 933210130 135326421 372772864 599520312 770680940 175646779 436965570 349916594 974441988 953184616
1 3 5 6 12 18 19
623937094 336706244 587588754 34390540 267120946 51140842 604335521 139775366 499866248 200568949 719700249 687173986 319124352 238031799 291124952 36806049 607982283 946479873 851976848 598083207
1 12 13 16 17 18 19
901460514 248821234 927920360 689884089 129070770 739112337 669008500 318143501 176308893 594741870 156591398 418002256 60089410 706795505 868635184 616466830 805957937 628251677 586266532 78583203
1 2 5 12 15 17 20
488999782 450451836 957746775 422495389 207397654 350209483 461047329 526380538 160748894 479527268 347731033 362571840 372470995 579557634 43619844 422600181 457163152 324649762 787078485 29810591
1 6 7 11 12 14 15
897940061 138002440 665761427 483110071 492565195 715524584 293404080 692146531 992502836 211386151 434242296 198776076 206935009 162410082 962050797 831848541 661797831 425293315 594104828 39072945
1 5 6 8 10 12 16
735042054 949553522 646412774 944956293 630753513 803085452 498412955 894219044 914481886 326787816 678226598 227038208 65686579 240635592 635022280 382582832 910034935 786309417 970544398 517417316
1 2 8 9 14 15 20
328943575 134594275 470079453 377627053 737444593 789220447 40130970 274915422 513660711 821321719 662788961 906220014 458605701 857038439 612532984 443839860 520087446 861383268 52484882 945499492
1 6 9 10 12 15 18
412562584 274467219 299349041 20527243 856109351 444156546 434108046 574749963 786464417 452783318 944401435 201929952 467647922 287434006 485671987 238511006 221475434 89277276 273749912 935376068
1 3 5 13 14 19 20
598718116 986367528 259627582 315062011 722825065 288824658 797788224 124538434 318680917 595706394 736076502 608376850 505890059 957185283 860085893 329973491 388329210 355703636 101058020 401089572
