50
7
1 3 13 15 16 17 19
1 2 6 8 9 13 18
1 4 5 11 15 17 20
1 3 4 6 7 11 20
1 2 5 9 11 19 20
1 6 9 15 16 18 20
1 7 8 12 15 17 18
1 8 10 16 18 19 20
1 7 8 10 11 15 20
1 2 8 11 12 19 20
1 2 9 14 15 18 20
1 4 6 13 14 19 20
1 2 3 8 9 10 17
1 4 5 9 10 12 16
1 2 4 5 10 13 15
1 3 4 7 8 11 12
1 4 7 10 11 16 18
1 3 7 8 11 16 20
1 3 8 10 12 14 20
1 4 6 14 16 18 20
1 2 3 11 12 16 18
1 9 10 12 16 17 19
1 5 7 8 9 15 17
1 3 4 7 14 15 16
1 2 8 9 13 14 20
1 4 6 8 9 14 18
1 3 7 12 15 18 20
1 2 3 4 7 14 15
1 9 12 14 15 19 20
1 2 7 12 14 15 20
1 7 8 9 16 17 18
1 2 5 7 9 14 20
1 3 4 13 15 19 20
1 2 4 5 12 16 18
1 2 3 12 13 17 20
1 3 7 8 11 13 20
1 3 4 6 8 17 20
1 2 6 11 17 19 20
1 5 7 13 16 19 20
1 3 5 6 11 17 20
1 7 11 13 17 19 20
1 2 4 5 10 16 19
1 3 4 6 14 16 19
1 3 5 7 12 16 17
1 2 5 8 9 15 16
1 4 5 6 7 10 17
1 2 3 7 8 11 15
1 5 7 15 17 18 20
1 5 10 13 17 18 19
1 3 6 9 10 17 19
